epoch:0 0.0508  0.2223  0.0050  -1.0000  -1.0000  0.0508  0.0872  0.2590  0.3365  -1.0000  -1.0000  0.3365
epoch:2 0.2655  0.6868  0.1306  -1.0000  -1.0000  0.2656  0.3352  0.4761  0.6066  -1.0000  -1.0000  0.6066
epoch:4 0.3229  0.7693  0.1885  -1.0000  -1.0000  0.3235  0.3780  0.5377  0.6931  -1.0000  -1.0000  0.6931
epoch:6 0.3162  0.7225  0.2198  -1.0000  -1.0000  0.3165  0.3814  0.4972  0.6497  -1.0000  -1.0000  0.6497
epoch:8 0.3646  0.7905  0.2663  -1.0000  -1.0000  0.3657  0.4220  0.5063  0.6593  -1.0000  -1.0000  0.6593
epoch:10 0.3742  0.8036  0.2898  -1.0000  -1.0000  0.3754  0.4413  0.5040  0.6351  -1.0000  -1.0000  0.6351
epoch:12 0.3285  0.7131  0.2643  -1.0000  -1.0000  0.3286  0.3982  0.5190  0.6379  -1.0000  -1.0000  0.6379
epoch:14 0.3972  0.8305  0.3137  -1.0000  -1.0000  0.3973  0.4485  0.5534  0.6810  -1.0000  -1.0000  0.6810
epoch:16 0.3847  0.8018  0.3088  -1.0000  -1.0000  0.3853  0.4378  0.5287  0.5995  -1.0000  -1.0000  0.5995
epoch:18 0.4071  0.8135  0.3755  -1.0000  -1.0000  0.4082  0.4566  0.5563  0.6411  -1.0000  -1.0000  0.6411
epoch:20 0.3733  0.7876  0.3084  -1.0000  -1.0000  0.3734  0.4330  0.5000  0.5867  -1.0000  -1.0000  0.5867
epoch:22 0.3874  0.8416  0.3132  -1.0000  -1.0000  0.3877  0.4439  0.5361  0.6411  -1.0000  -1.0000  0.6411
epoch:24 0.3949  0.8286  0.3302  -1.0000  -1.0000  0.3962  0.4490  0.5256  0.6051  -1.0000  -1.0000  0.6051
epoch:26 0.3975  0.8250  0.3500  -1.0000  -1.0000  0.3976  0.4421  0.5082  0.5916  -1.0000  -1.0000  0.5916
epoch:28 0.3808  0.8348  0.2911  -1.0000  -1.0000  0.3809  0.4286  0.5247  0.6262  -1.0000  -1.0000  0.6262
epoch:30 0.4229  0.8326  0.3600  -1.0000  -1.0000  0.4230  0.4693  0.5479  0.6054  -1.0000  -1.0000  0.6054
epoch:32 0.4136  0.8291  0.3907  -1.0000  -1.0000  0.4139  0.4659  0.5557  0.6669  -1.0000  -1.0000  0.6669
epoch:34 0.3904  0.8276  0.3174  -1.0000  -1.0000  0.3912  0.4383  0.5192  0.6419  -1.0000  -1.0000  0.6419
epoch:36 0.3821  0.7879  0.3414  -1.0000  -1.0000  0.3830  0.4273  0.5417  0.6668  -1.0000  -1.0000  0.6668
epoch:38 0.3930  0.8053  0.3488  -1.0000  -1.0000  0.3935  0.4579  0.4985  0.5620  -1.0000  -1.0000  0.5620
epoch:40 0.4034  0.8320  0.3521  -1.0000  -1.0000  0.4038  0.4519  0.5587  0.6423  -1.0000  -1.0000  0.6423
epoch:42 0.3366  0.7579  0.2368  -1.0000  -1.0000  0.3374  0.3858  0.4514  0.4613  -1.0000  -1.0000  0.4613
epoch:44 0.3830  0.7628  0.3577  -1.0000  -1.0000  0.3838  0.4382  0.5331  0.6461  -1.0000  -1.0000  0.6461
epoch:46 0.3847  0.8134  0.3044  -1.0000  -1.0000  0.3856  0.4220  0.5232  0.6013  -1.0000  -1.0000  0.6013
epoch:48 0.3949  0.7965  0.3274  -1.0000  -1.0000  0.3957  0.4415  0.5193  0.6034  -1.0000  -1.0000  0.6034
epoch:50 0.3977  0.7767  0.3751  -1.0000  -1.0000  0.3982  0.4379  0.5529  0.5883  -1.0000  -1.0000  0.5883
epoch:52 0.4029  0.8068  0.3889  -1.0000  -1.0000  0.4037  0.4627  0.5360  0.6323  -1.0000  -1.0000  0.6323
epoch:54 0.3925  0.7999  0.3287  -1.0000  -1.0000  0.3926  0.4440  0.5261  0.5969  -1.0000  -1.0000  0.5969
epoch:56 0.3972  0.7943  0.3521  -1.0000  -1.0000  0.3981  0.4455  0.5139  0.5785  -1.0000  -1.0000  0.5785
epoch:58 0.3674  0.7694  0.3086  -1.0000  -1.0000  0.3678  0.4258  0.4915  0.5093  -1.0000  -1.0000  0.5093
epoch:60 0.3975  0.8033  0.3494  -1.0000  -1.0000  0.3983  0.4551  0.5271  0.5857  -1.0000  -1.0000  0.5857
epoch:62 0.3828  0.7724  0.3277  -1.0000  -1.0000  0.3834  0.4413  0.5079  0.5640  -1.0000  -1.0000  0.5640
epoch:64 0.3813  0.8150  0.3176  -1.0000  -1.0000  0.3819  0.4357  0.5185  0.6131  -1.0000  -1.0000  0.6131
epoch:66 0.4143  0.8209  0.3955  -1.0000  -1.0000  0.4146  0.4642  0.5640  0.6702  -1.0000  -1.0000  0.6702
epoch:68 0.3832  0.7902  0.3410  -1.0000  -1.0000  0.3833  0.4389  0.5292  0.6031  -1.0000  -1.0000  0.6031
epoch:70 0.3896  0.7925  0.3554  -1.0000  -1.0000  0.3904  0.4503  0.5009  0.6105  -1.0000  -1.0000  0.6105
epoch:72 0.4032  0.8110  0.3750  -1.0000  -1.0000  0.4034  0.4627  0.5055  0.5844  -1.0000  -1.0000  0.5844
epoch:74 0.3658  0.7784  0.2861  -1.0000  -1.0000  0.3662  0.4265  0.4704  0.5367  -1.0000  -1.0000  0.5367
epoch:76 0.4114  0.7992  0.3764  -1.0000  -1.0000  0.4116  0.4644  0.5476  0.6138  -1.0000  -1.0000  0.6138
epoch:78 0.3806  0.8003  0.3293  -1.0000  -1.0000  0.3811  0.4431  0.4890  0.5337  -1.0000  -1.0000  0.5337
epoch:80 0.3841  0.7908  0.3472  -1.0000  -1.0000  0.3849  0.4492  0.5059  0.5659  -1.0000  -1.0000  0.5659
epoch:82 0.3883  0.7851  0.3409  -1.0000  -1.0000  0.3885  0.4476  0.5130  0.6197  -1.0000  -1.0000  0.6197
epoch:84 0.3782  0.7940  0.2990  -1.0000  -1.0000  0.3792  0.4284  0.5047  0.5477  -1.0000  -1.0000  0.5477
epoch:86 0.3937  0.7824  0.3633  -1.0000  -1.0000  0.3940  0.4482  0.5341  0.6051  -1.0000  -1.0000  0.6051
epoch:88 0.3855  0.8041  0.3492  -1.0000  -1.0000  0.3861  0.4449  0.5245  0.6021  -1.0000  -1.0000  0.6021
epoch:90 0.4168  0.8175  0.4115  -1.0000  -1.0000  0.4170  0.4690  0.5199  0.5671  -1.0000  -1.0000  0.5671
epoch:92 0.3731  0.7723  0.3279  -1.0000  -1.0000  0.3735  0.4309  0.4650  0.5003  -1.0000  -1.0000  0.5003
epoch:94 0.4114  0.8125  0.3863  -1.0000  -1.0000  0.4117  0.4789  0.5317  0.5853  -1.0000  -1.0000  0.5853
epoch:96 0.3787  0.7687  0.3481  -1.0000  -1.0000  0.3790  0.4438  0.4727  0.5027  -1.0000  -1.0000  0.5027
epoch:98 0.3974  0.8046  0.3694  -1.0000  -1.0000  0.3978  0.4478  0.5142  0.5786  -1.0000  -1.0000  0.5786
